0,	0.01,	0.01,	0.02,	0.03,	0.04,	0.04,	0.05,
	0.06,	0.06,	0.07,	0.08,	0.09,	0.09,	0.1,
	0.11,	0.12,	0.12,	0.13,	0.14,	0.15,	0.15,
	0.16,	0.17,	0.18,	0.19,	0.19,	0.2,	0.21,
	0.22,	0.23,	0.23,	0.24,	0.25,	0.26,	0.27,
	0.28,	0.29,	0.29,	0.3,	0.31,	0.32,	0.33,
	0.34,	0.35,	0.36,	0.37,	0.38,	0.39,	0.4,
	0.4,	0.41,	0.42,	0.43,	0.44,	0.45,	0.46,
	0.47,	0.48,	0.49,	0.5,	0.51,	0.52,	0.53,
	0.54,	0.55,	0.57,	0.58,	0.59,	0.6,	0.61,
	0.62,	0.63,	0.64,	0.65,	0.66,	0.68,	0.69,
	0.7,	0.71,	0.72,	0.73,	0.74,	0.76,	0.77,
	0.78,	0.79,	0.8,	0.82,	0.83,	0.84,	0.85,
	0.87,	0.88,	0.89,	0.91,	0.92,	0.93,	0.94,
	0.96,	0.97,	0.98,	1,	1.01,	1.02,	1.04,
	1.05,	1.07,	1.08,	1.09,	1.11,	1.12,	1.14,
	1.15,	1.17,	1.18,	1.2,	1.21,	1.23,	1.24,
	1.26,	1.27,	1.29,	1.3,	1.32,	1.33,	1.35,
	1.37,	1.38,	1.4,	1.41,	1.43,	1.45,	1.46,
	1.48,	1.5,	1.52,	1.53,	1.55,	1.57,	1.58,
	1.6,	1.62,	1.64,	1.66,	1.67,	1.69,	1.71,
	1.73,	1.75,	1.77,	1.78,	1.8,	1.82,	1.84,
	1.86,	1.88,	1.9,	1.92,	1.94,	1.96,	1.98,
	2,	2.02,	2.04,	2.06,	2.08,	2.1,	2.12,
	2.15,	2.17,	2.19,	2.21,	2.23,	2.25,	2.28,
	2.3,	2.32,	2.34,	2.37,	2.39,	2.41,	2.43,
	2.46,	2.48,	2.51,	2.53,	2.55,	2.58,	2.6,
	2.63,	2.65,	2.68,	2.7,	2.73,	2.75,	2.78,
	2.8,	2.83,	2.85,	2.88,	2.91,	2.93,	2.96,
	2.99,	3.01,	3.04,	3.07,	3.1,	3.12,	3.15,
	3.18,	3.21,	3.24,	3.27,	3.3,	3.32,	3.35,
	3.38,	3.41,	3.44,	3.47,	3.5,	3.53,	3.57,
	3.6,	3.63,	3.66,	3.69,	3.72,	3.75,	3.79,
	3.82,	3.85,	3.89,	3.92,	3.95,	3.99,	4.02,
	4.05,	4.09,	4.12,	4.16,	4.19,	4.23,	4.26,
	4.3,	4.34,	4.37,	4.41,	4.44,	4.48,	4.52,
	4.56,	4.59,	4.63,	4.67,	4.71,	4.75,	4.79,
	4.83,	4.87,	4.91,	4.95,	4.99,	5.03,	5.07,
	5.11,	5.15,	5.19,	5.23,	5.28,	5.32,	5.36,
	5.41,	5.45,	5.49,	5.54,	5.58,	5.63,	5.67,
	5.72,	5.76,	5.81,	5.86,	5.9,	5.95,	6,
	6.04,	6.09,	6.14,	6.19,	6.24,	6.29,	6.34,
	6.39,	6.44,	6.49,	6.54,	6.59,	6.64,	6.69,
	6.74,	6.8,	6.85,	6.9,	6.96,	7.01,	7.07,
	7.12,	7.18,	7.23,	7.29,	7.34,	7.4,	7.46,
	7.51,	7.57,	7.63,	7.69,	7.75,	7.81,	7.87,
	7.93,	7.99,	8.05,	8.11,	8.17,	8.24,	8.3,
	8.36,	8.43,	8.49,	8.55,	8.62,	8.68,	8.75,
	8.82,	8.88,	8.95,	9.02,	9.09,	9.15,	9.22,
	9.29,	9.36,	9.43,	9.5,	9.58,	9.65,	9.72,
	9.79,	9.87,	9.94,	10.01,	10.09,	10.16,	10.24,
	10.32,	10.39,	10.47,	10.55,	10.63,	10.71,	10.79,
	10.87,	10.95,	11.03,	11.11,	11.19,	11.28,	11.36,
	11.44,	11.53,	11.61,	11.7,	11.78,	11.87,	11.96,
	12.05,	12.14,	12.23,	12.32,	12.41,	12.5,	12.59,
	12.68,	12.77,	12.87,	12.96,	13.06,	13.15,	13.25,
	13.35,	13.44,	13.54,	13.64,	13.74,	13.84,	13.94,
	14.04,	14.14,	14.25,	14.35,	14.46,	14.56,	14.67,
	14.77,	14.88,	14.99,	15.1,	15.21,	15.32,	15.43,
	15.54,	15.65,	15.76,	15.88,	15.99,	16.11,	16.22,
	16.34,	16.46,	16.58,	16.7,	16.82,	16.94,	17.06,
	17.18,	17.31,	17.43,	17.56,	17.68,	17.81,	17.94,
	18.07,	18.2,	18.33,	18.46,	18.59,	18.72,	18.86,
	18.99,	19.13,	19.27,	19.4,	19.54,	19.68,	19.82,
	19.96,	20.11,	20.25,	20.39,	20.54,	20.69,	20.83,
	20.98,	21.13,	21.28,	21.43,	21.59,	21.74,	21.89,
	22.05,	22.21,	22.36,	22.52,	22.68,	22.84,	23.01,
	23.17,	23.33,	23.5,	23.67,	23.83,	24,	24.17,
	24.34,	24.52,	24.69,	24.86,	25.04,	25.22,	25.39,
	25.57,	25.75,	25.94,	26.12,	26.3,	26.49,	26.68,
	26.86,	27.05,	27.24,	27.44,	27.63,	27.82,	28.02,
	28.22,	28.42,	28.62,	28.82,	29.02,	29.22,	29.43,
	29.64,	29.84,	30.05,	30.27,	30.48,	30.69,	30.91,
	31.12,	31.34,	31.56,	31.78,	32.01,	32.23,	32.46,
	32.68,	32.91,	33.14,	33.38,	33.61,	33.84,	34.08,
	34.32,	34.56,	34.8,	35.05,	35.29,	35.54,	35.79,
	36.04,	36.29,	36.54,	36.8,	37.05,	37.31,	37.57,
	37.83,	38.1,	38.36,	38.63,	38.9,	39.17,	39.45,
	39.72,	40,	40.28,	40.56,	40.84,	41.12,	41.41,
	41.7,	41.99,	42.28,	42.57,	42.87,	43.17,	43.47,
	43.77,	44.08,	44.38,	44.69,	45,	45.31,	45.63,
	45.95,	46.26,	46.59,	46.91,	47.24,	47.56,	47.89,
	48.23,	48.56,	48.9,	49.24,	49.58,	49.92,	50.27,
	50.62,	50.97,	51.32,	51.68,	52.03,	52.39,	52.76,
	53.12,	53.49,	53.86,	54.23,	54.61,	54.99,	55.37,
	55.75,	56.14,	56.53,	56.92,	57.31,	57.71,	58.11,
	58.51,	58.91,	59.32,	59.73,	60.14,	60.56,	60.98,
	61.4,	61.82,	62.25,	62.68,	63.11,	63.55,	63.99,
	64.43,	64.87,	65.32,	65.77,	66.23,	66.68,	67.14,
	67.61,	68.07,	68.54,	69.01,	69.49,	69.97,	70.45,
	70.94,	71.43,	71.92,	72.41,	72.91,	73.42,	73.92,
	74.43,	74.94,	75.46,	75.98,	76.5,	77.03,	77.56,
	78.09,	78.63,	79.17,	79.72,	80.27,	80.82,	81.38,
	81.94,	82.5,	83.07,	83.64,	84.21,	84.79,	85.38,
	85.96,	86.55,	87.15,	87.75,	88.35,	88.96,	89.57,
	90.19,	90.81,	91.43,	92.06,	92.69,	93.33,	93.97,
	94.62,	95.27,	95.92,	96.58,	97.24,	97.91,	98.58,
	99.26,	99.94,	100.63,	101.32,	102.01,	102.71,	103.42,
	104.13,	104.84,	105.56,	106.29,	107.02,	107.75,	108.49,
	109.23,	109.98,	110.74,	111.5,	112.26,	113.03,	113.81,
	114.59,	115.37,	116.16,	116.96,	117.76,	118.57,	119.38,
	120.2,	121.02,	121.85,	122.69,	123.53,	124.38,	125.23,
	126.09,	126.95,	127.82,	128.7,	129.58,	130.47,	131.36,
	132.26,	133.16,	134.08,	135,	135.92,	136.85,	137.79,
	138.73,	139.68,	140.64,	141.6,	142.57,	143.55,	144.53,
	145.52,	146.51,	147.52,	148.53,	149.54,	150.56,	151.6,
	152.63,	153.68,	154.73,	155.79,	156.85,	157.93,	159.01,
	160.09,	161.19,	162.29,	163.4,	164.52,	165.64,	166.78,
	167.92,	169.07,	170.22,	171.39,	172.56,	173.74,	174.92,
	176.12,	177.32,	178.54,	179.76,	180.99,	182.22,	183.47,
	184.72,	185.99,	187.26,	188.54,	189.82,	191.12,	192.43,
	193.74,	195.07,	196.4,	197.74,	199.09,	200.45,	201.82,
	203.2,	204.59,	205.99,	207.39,	208.81,	210.24,	211.67,
	213.12,	214.57,	216.04,	217.51,	219,	220.49,	222,
	223.52,	225.04,	226.58,	228.13,	229.68,	231.25,	232.83,
	234.42,	236.02,	237.63,	239.25,	240.89,	242.53,	244.19,
	245.85,	247.53,	249.22,	250.92,	252.63,	254.36,	256.09,
	257.84,	259.6,	261.37,	263.16,	264.95,	266.76,	268.58,
	270.41,	272.26,	274.11,	275.98,	277.87,	279.76,	281.67,
	283.59,	285.53,	287.47,	289.44,	291.41,	293.4,	295.4,
	297.41,	299.44,	301.48,	303.54,	305.61,	307.7,	309.79,
	311.91,	314.03,	316.17,	318.33,	320.5,	322.69,	324.89,
	327.1,	329.33,	331.58,	333.84,	336.12,	338.41,	340.71,
	343.04,	345.38,	347.73,	350.1,	352.49,	354.89,	357.31,
	359.75,	362.2,	364.67,	367.15,	369.65,	372.17,	374.71,
	377.27,	379.84,	382.43,	385.03,	387.66,	390.3,	392.96,
	395.64,	398.33,	401.05,	403.78,	406.53,	409.3,	412.09,
	414.9,	417.73,	420.57,	423.44,	426.32,	429.23,	432.15,
	435.1,	438.06,	441.05,	444.05,	447.08,	450.12,	453.19,
	456.28,	459.38,	462.51,	465.66,	468.84,	472.03,	475.25,
	478.48,	481.74,	485.02,	488.33,	491.65,	495,	498.37,
	501.77,	505.19,	508.63,	512.09,	515.58,	519.09,	522.63,
	526.19,	529.77,	533.38,	537.01,	540.67,	544.35,	548.06,
	551.79,	555.55,	559.33,	563.14,	566.97,	570.84,	574.72,
	578.64,	582.58,	586.54,	590.54,	594.56,	598.61,	602.68,
	606.79,	610.92,	615.08,	619.26,	623.48,	627.73,	632,
	636.3,	640.64,	645,	649.39,	653.81,	658.26,	662.74,
	667.25,	671.8,	676.37,	680.97,	685.61,	690.28,	694.98,
	699.71,	704.47,	709.27,	714.09,	718.96,	723.85,	728.78,
	733.74,	738.73,	743.76,	748.82,	753.92,	759.05,	764.22,
	769.42,	774.66,	779.93,	785.24,	790.58,	795.96,	801.38,
	806.84,	812.33,	817.86,	823.42,	829.03,	834.67,	840.35,
	846.07,	851.83,	857.62,	863.46,	869.34,	875.25,	881.21,
	887.21,	893.24,	899.32,	905.44,	911.61,	917.81,	924.05,
	930.34,	936.67,	943.05,	949.46,	955.93,	962.43,	968.98,
	975.57,	982.21,	988.9,	995.62,	1002.4,	1009.22,
	1016.09,	1023


